1 1255385.000000 1230418.000000 0.980112
2 834761.000000 2399132.000000 2.874035
3 835087.000000 3524838.000000 4.220923
4 830166.000000 4607280.000000 5.549830
5 823779.000000 5644670.000000 6.852165
6 814576.000000 6640650.000000 8.152278
7 815264.000000 7601174.000000 9.323574
8 813356.000000 8527968.000000 10.484914
9 808585.000000 9403893.000000 11.630061
10 805469.000000 10270870.000000 12.751416
11 801152.000000 11103686.000000 13.859650
12 797471.000000 11896260.000000 14.917483
13 800002.000000 12659556.000000 15.824405
14 790352.000000 13409382.000000 16.966342
15 791333.000000 14135595.000000 17.863017
16 790370.000000 14830912.000000 18.764518
17 792497.000000 15449855.000000 19.495159
18 787181.000000 16150608.000000 20.517020
19 784981.000000 16786082.000000 21.384062
20 783084.000000 17406700.000000 22.228394
21 783650.000000 17997063.000000 22.965690
22 780245.000000 18579088.000000 23.811864
23 785419.000000 19133125.000000 24.360405
24 783040.000000 19677768.000000 25.129965
25 785196.000000 20211425.000000 25.740611
26 779900.000000 20734688.000000 26.586342
27 779114.000000 21222810.000000 27.239672
28 779230.000000 21704956.000000 27.854364
29 778807.000000 22203299.000000 28.509373
30 776032.000000 22641750.000000 29.176310
31 775492.000000 23076803.000000 29.757629
32 771860.000000 23356672.000000 30.260244
33 772183.000000 23812602.000000 30.838029
34 772586.000000 23525348.000000 30.450135
35 771887.000000 24619630.000000 31.895381
36 770831.000000 24996528.000000 32.428026
37 773349.000000 25414671.000000 32.863133
38 770566.000000 25716918.000000 33.374063
39 768937.000000 26132535.000000 33.985274
40 769103.000000 26505840.000000 34.463316
41 766800.000000 26849752.000000 35.015326
42 766326.000000 27180804.000000 35.468983
43 767535.000000 27509422.000000 35.841261
44 763456.000000 27858160.000000 36.489542
45 764185.000000 27854910.000000 36.450480
46 765363.000000 28165708.000000 36.800457
47 763472.000000 28297713.000000 37.064507
48 763992.000000 28598928.000000 37.433544
49 763650.000000 28857129.000000 37.788423
50 762755.000000 29189650.000000 38.268710
51 763994.000000 29486211.000000 38.594820
52 762818.000000 29758768.000000 39.011623
53 759075.000000 30027203.000000 39.557623
54 762111.000000 30294972.000000 39.751391
55 762332.000000 30512955.000000 40.025809
56 761266.000000 30760856.000000 40.407500
57 759445.000000 31056792.000000 40.894063
58 758327.000000 31303528.000000 41.279722
59 757303.000000 31537093.000000 41.643956
60 757142.000000 31786140.000000 41.981742
61 755828.000000 32009384.000000 42.350090
62 755899.000000 32249114.000000 42.663258
63 755224.000000 32478264.000000 43.004809
64 754912.000000 32698624.000000 43.314484